2.000999999999999890e+00 -2.299999999999998573e-02 -1.099999999999999589e-02 0.000000000000000000e+00 0.000000000000000000e+00 -1.199999999999999852e-02 0.000000000000000000e+00 0.000000000000000000e+00 5.700000000000000622e-01 -7.600000000000001199e-02 -6.800000000000000488e-02
-2.299999999999998573e-02 2.000000000000000000e+00 -8.000000000000000167e-02 -6.000000000000000125e-03 -4.000000000000000083e-03 -1.180000000000000077e-01 -5.000000000000000104e-03 -1.400000000000000029e-02 2.000000000000001776e-03 2.400000000000000050e-02 2.200000000000000219e-02
-1.099999999999999589e-02 -8.000000000000000167e-02 2.000000000000000000e+00 4.300000000000000350e-02 3.200000000000000067e-02 -1.040000000000000230e-01 -7.000000000000000146e-03 -5.000000000000000104e-03 -7.400000000000001021e-02 1.399999999999999856e-02 2.200000000000000566e-02
0.000000000000000000e+00 -6.000000000000000125e-03 4.300000000000000350e-02 2.000000000000000000e+00 0.000000000000000000e+00 -6.000000000000000125e-03 0.000000000000000000e+00 0.000000000000000000e+00 0.000000000000000000e+00 0.000000000000000000e+00 0.000000000000000000e+00
0.000000000000000000e+00 -4.000000000000000083e-03 3.200000000000000067e-02 0.000000000000000000e+00 2.000000000000000000e+00 -8.000000000000000167e-03 0.000000000000000000e+00 0.000000000000000000e+00 0.000000000000000000e+00 -4.000000000000000083e-03 0.000000000000000000e+00
-1.199999999999999852e-02 -1.180000000000000077e-01 -1.040000000000000230e-01 -6.000000000000000125e-03 -8.000000000000000167e-03 2.000000000000000000e+00 2.800000000000000752e-02 5.200000000000001149e-02 -7.600000000000001199e-02 1.400000000000000029e-02 2.799999999999999017e-02
0.000000000000000000e+00 -5.000000000000000104e-03 -7.000000000000000146e-03 0.000000000000000000e+00 0.000000000000000000e+00 2.800000000000000752e-02 2.000000000000000000e+00 0.000000000000000000e+00 0.000000000000000000e+00 0.000000000000000000e+00 -2.000000000000000042e-03
0.000000000000000000e+00 -1.400000000000000029e-02 -5.000000000000000104e-03 0.000000000000000000e+00 0.000000000000000000e+00 5.200000000000001149e-02 0.000000000000000000e+00 2.000000000000000000e+00 0.000000000000000000e+00 0.000000000000000000e+00 -6.000000000000000125e-03
5.700000000000000622e-01 2.000000000000001776e-03 -7.400000000000001021e-02 0.000000000000000000e+00 0.000000000000000000e+00 -7.600000000000001199e-02 0.000000000000000000e+00 0.000000000000000000e+00 2.000000000000000000e+00 4.000000000000000222e-01 3.990000000000000213e-01
-7.600000000000001199e-02 2.400000000000000050e-02 1.399999999999999856e-02 0.000000000000000000e+00 -4.000000000000000083e-03 1.400000000000000029e-02 0.000000000000000000e+00 0.000000000000000000e+00 4.000000000000000222e-01 2.001999999999999780e+00 -8.999999999999997585e-03
-6.800000000000000488e-02 2.200000000000000219e-02 2.200000000000000566e-02 0.000000000000000000e+00 0.000000000000000000e+00 2.799999999999999017e-02 -2.000000000000000042e-03 -6.000000000000000125e-03 3.990000000000000213e-01 -8.999999999999997585e-03 2.001999999999999780e+00
