2.001999999999999780e+00 8.000000000000000167e-03 1.280000000000000027e-01 -1.000000000000000021e-03 0.000000000000000000e+00 -1.800000000000000211e-02 0.000000000000000000e+00 0.000000000000000000e+00 6.380000000000001226e-01 -3.600000000000001116e-02 -5.599999999999999423e-02
8.000000000000000167e-03 2.000000000000000000e+00 5.000000000000000104e-03 5.000000000000000104e-03 -2.000000000000000042e-03 -1.100000000000000283e-01 -4.000000000000000083e-03 -6.000000000000000125e-03 1.000000000000000368e-02 4.000000000000000083e-03 6.000000000000000125e-03
1.280000000000000027e-01 5.000000000000000104e-03 2.000000000000000000e+00 1.700000000000000122e-01 1.710000000000000131e-01 -1.799999999999999864e-02 2.000000000000000042e-03 -1.000000000000000021e-03 -2.800000000000000405e-02 1.000000000000000021e-02 1.600000000000000033e-02
-1.000000000000000021e-03 5.000000000000000104e-03 1.700000000000000122e-01 2.000000000000000000e+00 0.000000000000000000e+00 -3.000000000000000062e-03 0.000000000000000000e+00 0.000000000000000000e+00 0.000000000000000000e+00 0.000000000000000000e+00 0.000000000000000000e+00
0.000000000000000000e+00 -2.000000000000000042e-03 1.710000000000000131e-01 0.000000000000000000e+00 2.000000000000000000e+00 -4.000000000000000083e-03 1.000000000000000021e-03 0.000000000000000000e+00 0.000000000000000000e+00 0.000000000000000000e+00 0.000000000000000000e+00
-1.800000000000000211e-02 -1.100000000000000283e-01 -1.799999999999999864e-02 -3.000000000000000062e-03 -4.000000000000000083e-03 2.000000000000000000e+00 4.000000000000000083e-02 2.399999999999997968e-02 -7.600000000000001199e-02 2.199999999999999872e-02 2.000000000000000389e-02
0.000000000000000000e+00 -4.000000000000000083e-03 2.000000000000000042e-03 0.000000000000000000e+00 1.000000000000000021e-03 4.000000000000000083e-02 2.000000000000000000e+00 0.000000000000000000e+00 0.000000000000000000e+00 0.000000000000000000e+00 -4.000000000000000083e-03
0.000000000000000000e+00 -6.000000000000000125e-03 -1.000000000000000021e-03 0.000000000000000000e+00 0.000000000000000000e+00 2.399999999999997968e-02 0.000000000000000000e+00 2.000000000000000000e+00 0.000000000000000000e+00 0.000000000000000000e+00 -6.000000000000000125e-03
6.380000000000001226e-01 1.000000000000000368e-02 -2.800000000000000405e-02 0.000000000000000000e+00 0.000000000000000000e+00 -7.600000000000001199e-02 0.000000000000000000e+00 0.000000000000000000e+00 2.000000000000000000e+00 4.460000000000001186e-01 4.260000000000000453e-01
-3.600000000000001116e-02 4.000000000000000083e-03 1.000000000000000021e-02 0.000000000000000000e+00 0.000000000000000000e+00 2.199999999999999872e-02 0.000000000000000000e+00 0.000000000000000000e+00 4.460000000000001186e-01 2.003000000000000114e+00 -6.999999999999998411e-03
-5.599999999999999423e-02 6.000000000000000125e-03 1.600000000000000033e-02 0.000000000000000000e+00 0.000000000000000000e+00 2.000000000000000389e-02 -4.000000000000000083e-03 -6.000000000000000125e-03 4.260000000000000453e-01 -6.999999999999998411e-03 2.001999999999999780e+00
